447406
447571
447911
447911
447406
447893
447418
447571
447441
447537
447418
447777
447441
447624
447822
447781
447839
447457
447700
447700
447700
447464
447874
447978
447406
447417
447457
447457
447537
447822
447406
447406
447406
447978
447874
447893
447440
447700
447872
447924
447978
447978
447465
447559
447520
447520
447744
447744
447744
447744
447744
447744
447744
447744
447755
447755
447755
447755
447441
447559
447520
447418
447892
447415
447432
447433
447434
447504
447505
447506
447507
447508
447534
447535
447538
447539
447550
447572
447573
447574
447722
447726
447757
447758
447804
447806
447847
447852
447903
447904
447905
447906
447908
447910
447913
447914
447930
447931
447932
447939
447940
447941
447942
447943
447944
447945
447946
447947
447948
447948
447949
447950
447951
447952
447953
447954
447956
447957
447958
447959
447960
447961
447962
447963
447981
447982
447983
447984
447985
447986
447987
447520
447822
447892
447559
447839
447839
447839
447892
447417
447520
447559
447978
447829
447829
447829
447509
447797
447797
447797
447937
447441
447559
447458
447559
447404
447405
447417
447417
447417
447424
447438
447440
447440
447440
447440
447440
447440
447440
447440
447448
447459
447466
447893
447418
447452
447452
447452
447452
447452
447452
447452
447624
447624
447624
447624
447624
447624
447624
447624
447624
447924
447924
447924
447924
447924
447924
447924
447924
447924
447457
447911
447559
447589
447451
447451
447451
447451
447451
447451
447457
447457
447457
447457
447465
447465
447520
447589
447589
447589
447589
447892
447700
447465
447559
447451
447107
447430
447431
447461
447510
447511
447512
447513
447514
447515
447516
447517
447518
447519
447521
447522
447523
447525
447526
447540
447541
447542
447543
447544
447545
447546
447547
447548
447549
447560
447561
447562
447563
447564
447565
447566
447567
447568
447569
447590
447591
447592
447593
447594
447595
447596
447597
447598
447599
447701
447702
447703
447704
447705
447706
447707
447708
447709
447710
447711
447712
447713
447714
447715
447716
447718
447719
447720
447724
447725
447729
447730
447731
447732
447734
447736
447738
447739
447740
447742
447743
447745
447746
447749
447750
447751
447752
447753
447754
447756
447759
447761
447762
447763
447764
447783
447784
447793
447801
447802
447803
447808
447809
447819
447820
447821
447834
447835
447840
447841
447842
447843
447844
447845
447849
447850
447851
447856
447857
447858
447860
447864
447864
447864
447864
447864
447864
447864
447864
447864
447871
447872
447872
447872
447872
447872
447872
447872
447872
447873
447873
447873
447873
447873
447873
447873
447873
447873
447874
447874
447874
447874
447874
447874
447874
447874
447885
447889
447892
447892
447892
447892
447892
447892
447893
447893
447893
447893
447893
447893
447894
447895
447902
447907
447912
447921
447922
447923
447925
447926
447927
447928
447933
447934
447935
447936
447938
447955
447999
447520
447409
447410
447416
447419
447420
447421
447422
447527
447528
447529
447530
447531
447532
447532
447532
447532
447532
447536
447556
447579
447580
447581
447582
447583
447772
447773
447779
447790
447791
447792
447794
447800
447805
447807
447811
447812
447813
447814
447815
447816
447817
447837
447854
447855
447866
447870
447875
447890
447891
447896
447929
447964
447965
447966
447967
447968
447969
447970
447971
447972
447973
447974
447975
447976
447977
447980
447989
447589
447589
447589
447822
447978
447458
447417
447978
447559
447417
447873
447872
447441
447537
447457
447458
447458
447441
447537
447520
447537
447822
447864
447441
447441
447439
447439
447822
447418
447406
447520
447418
447418
447822
447822
447978
447589
447406
447418
447400
447401
447402
447403
447411
447412
447413
447414
447417
447426
447427
447428
447429
447445
447446
447447
447449
447450
447453
447454
447455
447456
447460
447462
447463
447472
447473
447474
447475
447476
447477
447478
447533
447575
447576
447577
447578
447588
447723
447727
447728
447735
447737
447782
447828
447830
447832
447838
447846
447848
447853
447859
447861
447862
447863
447865
447868
447869
447877
447878
447882
447883
447886
447888
447897
447898
447915
447916
447988
447418
447451
447520
447406
447408
447417
447559
447978
447537
447537
447451
447451
447417
447822
447978
447458
447407
447423
447425
447435
447436
447437
447442
447443
447444
447467
447468
447469
447470
447471
447500
447501
447502
447503
447537
447551
447552
447553
447554
447555
447557
447570
447584
447585
447586
447587
447717
447721
447733
447741
447747
447748
447760
447765
447766
447767
447768
447769
447770
447771
447774
447775
447776
447778
447780
447785
447786
447787
447788
447789
447795
447796
447798
447799
447810
447818
447823
447824
447825
447826
447827
447831
447833
447836
447867
447876
447879
447880
447881
447884
447887
447899
447900
447901
447909
447917
447918
447919
447920
447979
447990
447457
447406
447441
447911
447911
447537
447589
447893
447441