447415
447432
447433
447434
447504
447505
447506
447507
447508
447534
447535
447538
447539
447550
447572
447573
447574
447722
447726
447757
447758
447804
447806
447847
447852
447903
447904
447905
447906
447908
447910
447913
447914
447930
447931
447932
447939
447940
447941
447942
447943
447944
447945
447946
447947
447948
447948
447949
447950
447951
447952
447953
447954
447956
447957
447958
447959
447960
447961
447962
447963
447981
447982
447983
447984
447985
447986
447987