07107
07430
07431
07461
07510
07511
07512
07513
07514
07515
07516
07517
07518
07519
07521
07522
07523
07525
07526
07540
07541
07542
07543
07544
07545
07546
07547
07548
07549
07560
07561
07562
07563
07564
07565
07566
07567
07568
07569
07590
07591
07592
07593
07594
07595
07596
07597
07598
07599
07701
07702
07703
07704
07705
07706
07707
07708
07709
07710
07711
07712
07713
07714
07715
07716
07718
07719
07720
07724
07725
07729
07730
07731
07732
07734
07736
07738
07739
07740
07742
07743
07745
07746
07749
07750
07751
07752
07753
07754
07756
07759
07761
07762
07763
07764
07783
07784
07793
07801
07802
07803
07808
07809
07819
07820
07821
07834
07835
07840
07841
07842
07843
07844
07845
07849
07850
07851
07856
07857
07858
07860
07871
07885
07889
07894
07895
07902
07907
07912
07921
07922
07923
07925
07926
07927
07928
07933
07934
07935
07936
07938
07955
07999